65,41,48,35,50,67,76,68,55,61
56,191,62,82,236,212
194,25,212,218,39
12,52,35,43,28
47,46,31,136,104,19,27
35,44,50,27,10
39,33,32,11,41,35,37,15,29
43,87,30,61,37,26,44
34,43,49,20,33,47,21,47
34,170,162,185,153,168
154,10,154,164
28,12,2,28,23,14
168,22,12,188,22
3,30,36,15,11
11,11,143,25
49,151,36,57,71,160,141,79,63
23,48,18,47
42,20,228,213,224,19,14,205,201
14,29,10,18,29
13,42,24,35,37,68,25,45
27,15,61,25,57,58,94,57,47
47,45,61,37,32,209,77,249,211
69,76,81,72,49,58,6,51,46,40
26,6,20,2
21,33,28,34,7,7,22
25,161,35,166,175,74,190,42,29,50
22,5,20,2,25
79,31,88,74,43,75,58,49,44,20
19,38,37,33,26,30,21,65,31
55,49,51,38,32,53,23,32
122,133,27,118,28,20
47,37,38,37,55,37,47
36,43,22,54,47,57
78,68,23,32,40,77,62,58,53
34,44,55,49,35,59,55,33,18
20,44,61,26,25,34,59,55,44,62
213,18,195,18
27,12,27,15,15,41
42,207,201,207,36
34,123,34,153,35,14,114
33,22,29,26,16,26,10
53,48,74,47,55,29,61,48,42
177,213,173,193,44
22,15,30,9,21,9,15,17,24
54,27,50,24,36,58,34,77,28,35
33,28,31,20,26,14,44
175,177,0,2,168
65,50,69,97,72,86,95,82,68,117
80,81,27,53,70,31,38,56,62,53
19,41,38,23
20,29,9,40,20
27,27,76,67,25,72
56,44,44,48,44,68,60,44,61
12,13,132,25,119
58,42,71,22,64,34,49
22,44,18,11,41
21,1,20,1
120,35,134,153
54,48,67,27,55,47,50
18,17,1,18
22,19,19,28,16,15,36,20,12,1
19,62,1,36,42
12,19,30,49,31
18,19,18,18,18
209,187,45,48,215,71,78,64,43
30,38,108,107,138,10,17,108
82,105,103,33,55,85,74,77,79,37
37,45,79,49,42,52,30,59,40
27,18,22,34,33,29,45
24,171,185,10,181,178,176,7
62,61,61,57,84,21,65,22
16,149,136,27,17,25,38
54,41,64,92,37,43,52,67,47,59
23,47,31,10,33,12
47,41,24,12,55,59,47
32,34,35,34,44,47,32,42
26,38,191,38,31,233,23,8,24,46
70,55,62,73,59,77,79,59,69,100
33,65,60,67,57,30,75,48,63,62
8,22,16,1
20,11,21,10,17,11
21,10,9,22
3,14,61,108,49,34,27,62
58,39,41,60,41,33,38,48,46,47
49,22,13,36,43,26,47,47,35
6,29,33,27,33,18,8
38,39,69,47,42,56,30,28,17,39
128,128,12,21,142,126,14
24,41,14,44
38,20,18,31,42,23,54,42
42,175,174,42,14
2,8,22,7,20,20,22,21
191,63,54,46,150,41,166,15,177,48
11,14,25,14
7,7,14,22
37,30,22,26,13,31,14,31
76,83,91,53,48,56,83,51,57,48
31,27,50,68,55,45,60,68,68
52,52,40,41,71,35,43,53,68
19,106,19,106
20,44,28,31
134,128,137,125,10
201,193,197,35,42,211,32,55
29,31,12,23,24,17
23,25,25,20
17,16,30,28,47,16,41,41,28,36
24,173,9,197,12,209
160,25,158,146,22
46,41,57,45,49,65,42,79
14,1,18,18
58,38,41,16,30,38,65,43,58,72
220,14,230,224,217,223,32,230,32
302,229,63,40,99,283,47,64,243
87,25,61,70,76,80,58
145,188,47,160,29,35,188,157,156
38,26,19,40,39,21,35
28,38,208,23,24,12,210,43
44,44,23,55,83,47,64
48,26,154,61,184,135,23,130,167,47
35,17,158,154,7,167,147,13,141,171
72,60,68,67,41,16,39,45
37,26,24,34,18
50,36,32,66,50,63,46,33,22,48
16,181,165,16
19,15,4,15
28,18,38,24,43,24,24
19,227,227,33,227,213
17,49,32,12
16,13,20,28,18
15,15,33,31
19,59,26,37,9,46,82,69,41,50
51,67,24,33,42,59,42
12,16,12,16
58,8,27,181,16
19,26,59,29,26,44,49
35,28,10,25
62,8,36,54,72,20,49
57,32,170,62,35,43,37,178,72
52,33,32,15,16,38,21
12,17,12,24,5,17
41,47,28,70,62,27,43,32,44,52
28,18,46,29,18,20,29
33,34,37,192,225,221
164,10,193,10,185,20,173,158
44,63,52,44,62,80,38,85
178,69,47,175,63,177,53,67,149,185
29,40,24,62,75,62,54,55,61
249,205,200,242,214,25,35
43,37,32,45,52,55,46,22
37,51,76,53,52,23,82,42,55,55
8,18,34,37,26
29,65,46,36,47,40,32,38,54
88,25,56,42,38,32,51
175,196,12,182,43,176,171,187,52
14,25,37,189,194,64,34,47
35,31,38,20
42,60,34,19,63,35,39
37,35,20,36,44,36,3
200,3,39,227,212
33,211,25,52,29,30,46,211
36,41,20,34,21,16
138,163,164,156,25,29,162,172,22,157
53,2,34,19,21,34
32,41,28,39,15,30
30,45,38,45,35,55,43,64
263,243,67,237,236,61,224,76,91,99
44,31,42,42,15,35
9,155,45,146
76,79,96,73,82,86,58,63,80,61
34,10,10,32,42,18
17,7,28,21,7
4,19,23,19
15,32,30,26
37,29,33,31,48,21
27,26,20,16,20,37,36,37
14,1,1,14
153,46,47,212,158,173,51,196,189
220,54,54,223,212,30
21,25,36,36,20,14
65,26,36,8,49,35,47,46,18,49
19,35,12,42,55,27,40,46
29,50,39,38,35,43
28,173,36,70,64,171,30,46,60
3,11,10,3
27,49,45,49,31,19,6,42,35
22,19,28,9
37,171,27,179,33,24,158
44,38,47,45,44,21
59,172,61,70,85,56,141,54,164
4,35,43,56,44,56,47,41,33
217,50,191,56,54,220,203,176,191,209
145,21,28,151,139,132
42,19,63,44,38,13
32,17,39,53,46,56,18,25,25
73,56,84,44,19,78,52,49,9,44
21,27,190,4
36,32,70,37,11,32,14,33,37,42