7,6,23,6,2,24,0,4,2,15,4,12
16,1,20,0,25,171,19,21
8,9,16,179,0,15
8,15,11,12,17
1,15,11,0,20,3,100
19,21,6,4,10,0
20,0,10,7,11,11,11,4
26,6,20,0,3,27,11
0,21,0,8,0,0,0,8,12,14
17,15,153,7,2
10,154
16,2,5,7
12,8,0,168,10
11,3,0,7,12,3,0
0,0,14,129,11,0
8,19,5,5,0,2,11,11,17,114,3
16,9,9,1,22
11,16,19,11,3,5,186,1,1
15,14,0,5,0,4,10
9,4,8,3,20,19,13
18,11,4,13,0,4,18,8,15,7
9,19,3,16,2,14,200,16
5,1,1,14,0,1,13,27,10,3,4,28,2
20,2,4
5,6,11,1,6,10
0,7,98,7,7,3,6,32,0,18,26,22
20,5,2
9,19,11,2,19,4,1,15,20,13
6,4,17,17,1,2,1,11,17,12
0,0,21,15,17,2,11,6
16,23,94,0,1,4
15,9,5,0,13,14,5,18
20,2,3,12,9,13
6,7,11,17,19,16,19
6,15,17,5,12,12,4,16
5,5,18,17,5,12,15,3,2
18,195
1,3,19,5,9,10
0,123,0,36,42,36,6
8,16,20,108,6,1,17
6,20,4,16,13
16,5,18,9,14,5,1,7,0
20,4,20,173,0
1,15,14,0,6,3,13,12,5
8,5,9,12,16,19,14,20
6,7,14,6,0,12,8,10
9,0,2,166
0,19,16,18,20,15,0,6,15,7,10,9,3
15,12,20,4,9,0,9,14,1,14,12
19,13,9,0,10
9,20,20
18,42,5,0,22,7,0
3,19,2,10,0,17,7,2,18,13,0
12,0,13,107
10,7,0,8,4,9,0,26,15
0,7,15,15,4,7
1,20
17,2,101,0,33,0
14,16,18,20,13,7
1,17
0,3,18,9,1,6,2,19
1,0,15,27,18,2
19,12,18
6,12,5,6,0,1,1
159,11,11,19,8,16,12,11,1,2
101,0,3,7,14,17,3,0
1,16,13,8,6,12,2,24,17,3,18
10,3,20,3,13,18,18,1
0,16,0,7,11,11,11
5,4,166,12,8,3,7
12,18,15,6,19,16,3,17
11,19,6,8,5,119
0,7,21,6,19,7,11,23,10,2,11
0,2,19,14,12,10,13
6,12,10,18,19
18,3,0,20,3,1,8,5,12
4,4,0,15,19,11,12,11,176,5
0,17,5,17,15,18,4,10,10,17,6,5
13,10,17,6,20,11,0,5,3,6
15,7,1
8,3,7,10
10,9,12
3,36,2,10,24,0,0,11,0,22
1,11,13,6,12,6,8,3,9,3,3
4,10,5,13,19,8,14,0,11,0
16,7,4,4,2
11,19,6,10,9,10,1,3
7,12,107,14,14
30,14,0,10,0,1
15,5,19,3,12,8,15
13,14,15,0,161,14
2,0,8,13,0,7
6,2,1,13,8,18,127,14,9
14,11
7,7,8,0,7,0
5,12,0,1,1,3,5,14,7
17,5,21,4,11,0,19,23,16,23
12,4,9,19,15,7,18
11,5,10,11,20,9,5,11
106,19
0,11,13,4,20
9,3,124,1,1
19,167,6,2,17,6,0,11,7,0
5,7,13,11,6,5
20,0,3,2,0,20
6,0,8,11,0,14,5,3
15,0,173,9,12
5,3,17,138
20,4,16,7,7,7,6,19
1,3,14
0,4,12,8,11,4,14,7,5,19,1
1,177,0,18,13,10,11,18
0,3,23,10,0,187,19,16,7,21,19
32,11,4,1,7,15,1,14,21
133,3,17,5,18,7,0,20,10
12,12,7,3,1,1,12,6,2
10,3,11,7,184,0,14,12
2,23,0,5,23,19,13
1,124,16,2,15,6,3,20
132,19,13,0,3,6,4,3,6,9
14,14,0,22,16,4,4,7,5,17
0,5,16,0,5,13,3
15,15,13,0,13,18,5,15,17
16,0,0,165
4,15
4,4,1,6,13,19
0,14,194,19
12,17,20,0
13,15,17,3
18,0,1,0,15,15
15,9,8,20,5,8,2,14,8,8,1,2
0,1,0,0,1,9,24,25,8
4,12
19,16,0,0,15,131,8
0,26,18,11,0,0,8,15
18,7,7,10
0,8,0,4,16,11,2,20,27
11,9,14,10,1,9,4,18,149
14,1,17,15,6
2,0,7,10,7,5
7,9,2,17,12,6,0,3,9,15
9,9,20,8,0
29,0,4,4,25,0,1,191
6,20,6,19,4,154
10,15,15,11,9,17,18,11
92,11,22,8,26,0,27,12,7,3,1,0,0
17,15,16,14,17,10,8,16
200,17,18,2,9,5
11,5,4,17,10,3,19
36,1,10,0,18,24,0,8,4,9,6,9,6
11,8,3,15
3,20,4,19,9,15,2,2
8,14,19,1,1,0,27,23,24
0,29,3,9,6,1,4,137,14,0,17
0,3,5,150,14,14,5,15,11,0
13,20,2,16
19,2,15,16,8,8,11
7,1,16,2,18,1
1,25,2,196,14,3
8,198,16,19,13,17
1,15,9,0,14,0,6,11
6,15,19,4,6,9,10,125,3
2,19,13,19
10,11,14,3,2,2,14
6,7,10,5,17,25,25,0,15
7,20,8,10,13,0,26,0,18,151,22,16
20,1,15,0,15,2,7
133,22,9,1,13
14,9,0,21,1,20,11,0,9,3,14,26,21
14,8,10,10
7,17,4
19,4
13,13,2,17
12,19,17,8,4
9,0,20,0,7,17
0,1,14
16,19,15,20,1,12,141
0,19,11,11,0,201,13,0
2,12,11,9,14
19,19,12,8,10,0,10,0,16
1,15,11,0,5,10,16,3,1
11,17,18,5,10
20,125,14,16,6,2,16,10
4,3,7
3,4,4,6,17,12,15
0,19,9,3
7,14,3,6,3,0,31,127
9,14,14,1,7,14,16
103,0,2,16,2,26,9,15,17,19,0
17,9,3,12,15,4,5,20
13,15,25,1,4,24,0,0,163,13,2
15,7,1,7,6,6,124
7,12,0,9,10,4,27,1
11,4,14,3,14,14,14,7
20,16,9,6,13,17,19,13,2
6,167,4,17
1,3,12,14,1,1,18,13,1,7